100982
100927
100774
100248
101112
101081
100594
100250
100988
100833
101060
100148
100022
101288
101235
100475
103661
100758
100843
100517
101308
100139
101179
100010
100016
100285
100755
100008
101156
101046
100819
101203
101024
100738
100746
100593
101201
100815
100143
100744
100976
100599
100775
100743
100741
100737
100301
100002
100900
100909
100595
100985
100993
100133
100287
100479
100898
100147
100145
100469
101216
101212
101049
100806
101152
100144
100299
100017
101087
100024
100006
101296
100860
100881
100254
101228
100020
101234
100870
101070
100665
103557
100484
101186
100500
100866
100946
101241
101200
100483
100464
100602
100842
100453
100852
100152
101032
100242
100492
100872
100799
100933
100931
100202
101131
100768
100598
100490
101022
101507
100482
101134
100809
101306
104323
100498
100925
100904
101220
100771
100140
101291
100003
101110
100247
100855
101062
101130
100009
101094
101236
101298
100280
101215
100928
100820
100834
101063
100802
100960
101084
101229
100300
100807
100135
100451
100134
103479
101016
100284
101195
100450
100887
100497
100495
101023
100597
100763
100990
100491
100838
101168
100122
100481
101106
101232
101138
100019
101239
100476
100753
101057
100805
101122
103395
101101
100908
100592
101169
100124
101128
100207
101294
101211
100777
101225
100920
101260
101053
100880
100282
100812
100854
101213
100952
100142
100245
100151
100790
100795
102691
101155
100449
101261
100121
100845
100671
101231
101036
101076
100255
100914
100997
100846
100496
100972
100249
100132
100958
101009
101109
100474
101158
100857
100894
100673
100298
100670
100281
100934
100901
101207
100138
101297
100893
100256
101072
100501
100258
100865
100905
101038
101015
100601
101252
101206
101082
101054
100890
101307
100779
100462
103514
100663
101097
100788
101254
100240
100836
101224
101161
100791
100936
102701
100969
101154
100792
101157
101210
101086
100781
101011
100136
100759
100283
100669
101214
100466
100983
103039
101192
100739
100749
100123
101019
101250
100793
100867
100888
100910
101025
101042
100747
101305
101295
100765
100750
101107
101299
101020
100452
100448
101090
101177
100767
100666
102744
100968
100902
101108
101079
101218
100962
100732
101077
101262
100837
100841
101381
100252
100467
100468
101074
100817
103429
100986
101044
101153
100889
101309
101159
100861
101255
102742
101129
100667
100766
101123
100244
100961
101283
100458
101092
100785
100756
100813
101149
100832
100907
100253
101102
100776
101247
100784
100940
101140
100246
101043
101290
101039
101219
103821
100480
100150
101104
100129
101263
100883
101041
101083
101282
100879
100921
101185
101145
101096
100146
100603
101002
100752
101268
100869
100488
100751
101222
100830
101034
100302
104288
100444
100473
100769
101509
101052
100127
100130
100951
100736
101114
101048
101164
101444
101121
101047
100989
100455
100850
101148
100796
100863
101116
100672
100780
100209
101003
100153
100789
101292
101142
100120
100786
100929
101132
100941
101147
100948
101119
100251
101163
100868
102851
100998
101249
100903
100126
101187
101188
101067
101244
101065
101000
101111
100276
100487
101013
101275
100899
101006
100935
101066
100668
100979
101304
101010
101267
101569
100878
100772
101088
101182
100203
100913
101191
101127
101165
100853
101240
100454
100980
100981
101189
101133
101004
100503
100922
101175
101172
100835
101257
101001
100764
100131
100848
100885
103397
100811
100991
100794
101274
100844
100871
101068
101078
101226
100205
100461
100916
100942
100745
100606
101171
100596
100930
101277
101125
100478
100734
101251
101014
100944
101056
101245
100783
100471
101113
101227
101178
101029
100733
100762
101771
101012
100992
101028
100950
101202
100489
101058
100125
100760
100470
100917
101193
101055
100949
100770
101103
100943
100994
101162
100782
100754
100757
101271
101100
100493
100477
101194
100975
100664
101117
101139
100897
101166
103822
101205
100264
100939
100243
101243
101018
100984
101302
101173
101045
100773
100953
100286
100954
100873
101120
101098
101181
100472
101204
100502
101051
100204
100987
100607
101500
100999
101196
101217
100932
100208
100947
101289
101223
101269
100945
100778
100864
100604
101021
100591
100886
101197
101026
100485
100499
101265
101124
101040
101183
101050
100149
101199
100456
100937
100911
101190
100906
100600
100831
100141
101126
101031
100459
100206
100460
100605
100970
100840
101093
101221
101017
100457
101443
100957
100740
101061
100859
101071
100919
101266
101301
100137
101259
101115
101033
101230
100241
101095
100798
103399
100465
101303
100862
100938
101242
100447
101118
100748
101286
100128
102713
100761
101080
100808
100486
100918
101160
100803
101167
101209
101030
100810
101069
100915
100967
100977
101151
101027
100912
101099
101008
101896
101170
100884
101137
100923
101300
101037
103627
100959
100963
100926
100978
101143
101529
100924
101287
101198
100973
100974
101064
101007
101180
100995
101498
101136
101073
101248
101497
101337
101495
101893
101404
101492
103497
101355
101403
101434
101499
101402
101400
101360
103722
101343
101895
101350
101329
101368
101406
101332
101401
103587
102724
101347
101353
103606
101405
101325
101357
101338
101334
101351
101408
101370
101348
101341
101362
101475
101407
101372
102087
101363
101326
101327
101321
101515
103403
101361
101365
101373
101421
101345
101336
101547
101342
101366
101328
101340
101378
101442
101364
103155
101894
101396
103408
101393
101395
101371
101377
101382
101397
101380
101454
101394
101389
101398
101386
101390
101524
101383
101741
101391
101745
101646
101392
101376
101339
101744
101743
101344
101323
101387
101379
102725
101374
102535
101399
101409
103485
101715
101427
101420
101438
101725
101440
103490
101412
101419
103526
101452
101410
101433
101439
101415
101441
101423
101414
101426
103723
101424
101437
101416
103645
101450
101411
101429
101413
101417
101458
101430
101422
101431
101425
101484
101445
101448
101449
101455
101453
103519
101460
101457
101459
101474
101482
101483
101489
101487
101488
101491
101494
101493
101505
101506
101510
101504
101512
101513
101518
101517
101519
101522
101521
102534
101528
101527
101523
101535
101533
101530
101531
101532
101534
101711
101542
101631
101035
101541
101543
101544
101582
101548
101723
101545
101546
101642
101549
101555
101592
101724
101580
101581
101589
101579
101596
101591
101593
101603
101643
101594
101598
101599
101600
101616
101615
101613
101595
101619
101621
101614
101608
101721
101624
101629
101612
101720
101610
101618
101609
101617
101628
101634
101630
101717
101641
101639
101635
101678
101683
101638
103930
101648
101647
101645
101644
101640
102941
101719
101655
101658
101656
101663
101716
101661
101664
101674
101669
101673
101668
101689
101681
101679
104074
101702
101691
101693
102020
101697
101695
101735
101699
101698
101701
101734
103116
101757
101727
101887
101729
101707
101712
101708
101705
101749
101709
101714
101731
101738
101728
101739
101737
101736
101759
101748
101747
101710
101756
101792
101778
101751
101762
102455
101761
101760
101764
101758
101765
101766
101770
101791
101776
101775
101774
101773
101783
101784
101805
101787
101789
101779
101782
101788
101802
101794
101798
101780
101799
101816
102067
101793
103480
101800
101801
101803
101810
101804
101806
101807
101796
103649
101812
103535
101827
101811
101869
101817
103897
101818
101823
101822
101821
101820
101829
101834
102494
101825
101830
101833
101831
101832
101836
101839
101837
101838
101835
102085
101866
101867
101860
101864
101856
101863
101855
101861
101865
101862
101994
101853
101854
101882
101852
101845
101840
101851
101849
101846
101847
101848
101850
101842
101841
101952
101859
101844
101843
103446
101879
101858
101984
101995
101870
101878
101874
101875
101889
101871
101795
101996
101876
101877
101890
101884
101997
102976
101902
101888
101900
101897
101901
103141
101899
101905
101904
101906
101910
101916
101909
101913
101914
101918
102010
101915
101917
101942
101941
101943
101936
101940
101944
101935
101927
101929
101921
101934
102000
101930
101926
101932
101928
101931
101933
102447
101925
101924
101922
101920
101919
102001
101970
102970
102200
101949
101946
101968
101950
101951
101947
101967
101966
101962
101965
101948
101963
101961
101958
101959
101955
101960
101956
101957
101953
101969
101954
101978
101977
101981
101976
102715
101982
101979
102011
101975
101972
101983
101973
101974
101971
101990
102002
101991
101989
101993
101992
102454
101985
101986
101987
102008
101988
102006
102714
102084
102040
102004
102007
102003
102065
102005
102083
101964
102017
102018
102019
102025
102034
102016
102028
102977
102013
102012
102014
102021
102015
102023
102024
102031
102029
101881
102035
102030
102037
102036
102062
102260
102048
102047
102061
101923
102059
102060
102064
102063
102069
102071
102088
102066
102033
102070
102100
102702
102076
102073
102132
102090
102091
102103
102106
102104
102101
102098
102099
102120
102119
102111
102109
102110
102121
102113
102122
102123
102114
102116
102125
102124
102460
102117
102136
102407
102139
102151
102137
102138
102149
102150
102127
102134
102126
102140
102216
102193
102135
102789
102144
102145
102153
102146
102143
102131
102152
102141
102148
102142
102147
102156
102157
102158
102159
102165
102155
102154
102161
102162
102175
102160
102170
102171
102172
102416
102336
102174
102183
102180
102166
102181
102164
102184
102176
102179
102177
102178
102173
102187
102189
102198
102185
102186
102188
102196
102405
102201
102195
102197
102192
102191
102190
102205
102298
102206
102208
102204
102202
102203
102210
102207
102211
102287
102212
102215
102209
102214
102306
102406
102217
102213
102229
102219
102218
102250
103457
102262
102249
102239
102259
102261
102248
102225
102408
102226
102227
102235
102221
102263
102247
102220
102223
102240
102264
102254
102267
102257
102253
102237
102251
102252
102271
102238
102277
102236
102402
102224
102295
102233
102230
102272
102291
102234
102266
102282
102232
102373
102231
102284
102404
102297
102279
102281
102276
102285
102278
102246
102273
102242
102403
102269
102245
102243
102241
102280
102292
102283
102244
103690
102270
102268
102288
102274
102330
102289
102350
102300
102290
102296
102299
102302
102303
102304
102305
102433
102308
102309
102310
102311
102316
102312
102315
102317
102331
102320
102319
102323
102332
102322
102324
102326
102325
102327
102328
102333
102334
102335
102338
102337
102339
102340
102341
102342
102356
102357
102364
102358
102368
102359
102365
102363
102362
102361
102370
102379
102366
102367
102753
102369
102380
102376
102375
102387
102388
102389
102391
102390
102399
102392
102393
102398
102486
102473
102448
102411
102410
102437
102427
102412
102438
102415
102409
102414
102474
102449
102413
102440
102493
102469
102451
102418
102417
102419
102717
102420
102421
102445
102423
103340
102472
102424
102426
102495
102439
102428
102429
102457
102488
102441
102527
102443
102491
102442
102446
102453
102452
102822
102520
102461
102465
102458
102468
102459
102464
102462
102118
102718
102467
102484
102485
102463
102466
102500
102517
102482
102481
102483
102501
102489
102490
102480
102514
102492
102510
102496
102497
102509
102498
102502
102504
102505
102512
102511
102508
102859
102507
102525
102515
102513
102516
102521
102536
102518
102716
102522
102523
102526
102539
102543
102529
102583
102544
102531
102532
103605
102533
102371
102545
102538
102549
102541
102542
102546
102558
102556
102553
102550
102574
102766
102555
102557
102566
102567
102562
102636
102598
102564
102563
102570
102565
102577
102638
102615
102568
102765
102573
102571
102582
102576
102586
102581
102578
102595
103401
102594
102597
102588
102592
102584
102605
102703
102602
102609
102585
103486
102587
102589
102593
102590
102591
103456
102604
102601
102626
102611
102603
102608
102606
102619
102613
102612
102660
102617
102621
103657
102620
102627
102628
102629
102631
102658
102633
102632
103387
102655
102634
102635
102654
102652
102664
102651
102656
102663
102719
102667
102669
102657
102955
102672
102673
102671
102661
102668
102662
103432
103601
102781
102674
102764
102735
102675
102677
102683
102678
102679
102684
102681
102686
102682
102698
103472
103338
102687
102839
102693
102688
102706
102692
102694
102695
102709
102697
102696
102699
102708
102705
103679
102710
102711
102747
102721
102722
102731
102728
102740
102726
102787
102762
102734
102729
102730
102733
102732
102786
102736
102749
102737
102746
102748
102750
102751
102752
102757
102761
102759
102763
102768
102820
102769
102770
102777
102772
102773
102774
102792
102784
102775
102778
102776
102779
102788
102782
103047
102790
102791
102793
102794
102795
102797
102798
103317
102799
102801
102800
102803
102802
102807
102804
102808
102806
102817
102816
102811
102812
102813
102827
102814
103721
102815
102882
102871
102818
102819
102821
102824
102837
103419
102823
102825
103142
102828
102831
102838
102829
102844
102836
102835
102845
102847
102846
103623
102848
102849
102850
104564
103371
102858
102864
102946
103762
102873
102852
102853
102854
102855
102856
102857
102861
102862
102860
102863
102966
102866
103825
102865
102870
102872
102892
102868
102869
102876
102874
102875
102878
102879
102877
102919
102885
102887
102884
102902
102886
102890
102889
102893
102909
102895
102903
102894
104178
102952
102896
102900
102897
102901
102899
102904
102906
102925
103617
102908
102972
102907
102939
102912
102914
102964
102920
102911
102916
102917
103402
102905
103386
102913
102915
102936
102924
102950
102921
102922
102923
102935
102968
102926
102930
103010
102933
102929
102949
102948
102932
103005
102940
102954
102945
102953
102947
102944
102959
102937
102938
102943
102961
103163
103019
102960
102962
102981
102957
102958
102973
103776
102965
102971
102979
102982
102980
102963
102978
102983
102990
102989
102991
103029
102987
102985
102988
103023
102992
103002
102994
103672
103011
102993
103000
102995
103003
103418
104311
102998
103324
102999
103004
103001
103427
103098
103009
103415
103008
103012
103377
103026
103022
103014
103015
103016
103025
103020
103013
103030
103038
103032
103416
103036
103035
103034
103037
103033
103170
103051
103054
103049
103055
103053
103048
103052
103044
103121
103080
103318
103065
103077
103079
103087
103085
103094
103090
103101
103595
103091
103095
103089
103086
103084
103088
103100
103092
103099
103107
103105
103097
103096
103315
103104
103106
103113
103122
103108
103120
103328
103119
103129
103128
103123
103124
103156
103158
103149
103145
103160
103139
103144
103147
103148
103150
103152
103151
103172
103154
103175
103701
103196
103325
103194
103166
103164
103208
103168
103171
103165
103169
103176
103174
103178
103177
103201
103195
103197
103190
103191
103189
103184
103183
103185
103182
103192
103228
103230
103186
103188
103199
103202
103205
103206
103204
103207
103215
103220
103210
103213
103878
103227
103211
103221
103229
103320
103264
103232
103246
103237
103233
103238
103234
103236
103243
103244
103245
103265
103268
103261
103262
103263
103241
103247
103242
103288
103281
103290
103291
103773
103311
103287
103297
103279
103278
103286
103316
103282
103300
103299
103594
103301
103280
103284
103283
103292
103910
103293
103296
103285
103295
103289
103302
103298
103305
103304
103310
103307
103306
103312
103347
103308
103309
103322
103326
103327
103323
103319
103314
103321
103313
103330
103331
103335
103336
103334
103344
103332
103333
103421
103339
103357
103346
103341
103360
103343
103342
103348
103363
103350
103349
103412
103351
103352
103358
103353
103354
103364
103356
103362
103361
103374
103359
103368
103369
103367
103366
103365
103373
103372
103375
103376
103381
103380
103378
103379
103384
103382
103389
103390
103396
103388
103391
103393
103392
103394
103400
103398
103404
103405
103406
103407
103409
103410
103411
103414
103413
103417
103580
103422
103423
103424
103761
103428
103430
103431
103433
103434
103435
103436
103439
103438
103437
103440
103442
103444
103443
103445
103447
103448
103449
103451
103452
103450
103455
103453
103454
103458
103460
103461
103459
103462
103463
103465
103464
103466
103467
103468
103469
103470
103473
103474
103475
103476
103477
103478
103481
103482
103483
103484
103504
103488
103487
103489
103494
103491
103492
103493
103495
103496
103498
103576
103499
103501
103500
103502
103503
103719
103505
103506
103507
103508
103509
103510
103511
103512
103513
103515
103544
103517
103518
103523
103522
103525
103521
103520
103524
103527
103529
103530
103531
103536
103533
103532
103534
103539
103537
103538
103541
103540
103547
103549
103548
103546
103550
103552
103551
103553
103558
103554
103556
103559
103560
103562
103689
103563
103564
103827
103565
103569
103566
103568
103567
103570
103575
103571
103572
103573
103574
103577
103578
103579
103582
103583
103581
103584
103585
103586
103588
103589
103590
103591
103592
103596
103593
103597
103599
103598
103600
103603
103604
103607
103608
103609
103610
103611
103612
103613
103614
103615
103741
103616
103618
103620
103621
103630
103622
103624
103625
103639
103626
104781
103628
103632
103629
103673
103631
103634
103633
103636
103637
103638
103640
103641
103642
103643
103644
103647
103646
103683
103648
103650
103656
103653
103652
103654
103655
103658
103659
103660
103663
103662
103664
103666
103665
103667
103668
103669
103671
103670
103675
103678
103674
103715
103680
103717
103681
103682
103765
103684
103685
103686
103688
103708
103691
103694
103695
103696
103749
104117
103698
103697
103699
103700
103702
103706
103703
103705
103704
103709
103707
103710
103711
103714
103713
103712
103718
103716
104106
103871
103724
103817
103733
103725
103726
103729
103730
103727
103728
103731
103760
103737
103732
103736
103734
103735
103743
103738
103739
103740
103747
103742
103744
103745
103746
103748
103750
103751
103766
103757
103758
103769
103756
103759
103764
103767
103768
103770
103802
103851
103805
103778
103771
103772
103774
103775
103816
103780
103777
103782
103781
103787
103783
103784
103785
103818
103794
103788
103789
103793
103807
103790
103791
103792
103795
103796
103797
103798
103811
103801
103799
103804
103800
103803
103908
103808
103806
103809
103810
103813
103814
103815
103869
103819
103820
103823
103824
103826
103909
103833
103828
103830
103832
103829
103834
103835
103836
103837
103838
103839
103840
103841
103844
103847
103845
103842
103843
103848
103846
103849
103886
103850
103853
103852
103854
103856
103859
103855
103926
103858
103860
103857
103861
103862
103864
103865
103866
103863
103868
103867
103872
103877
103874
103876
103873
103944
103875
103884
103879
103882
103880
103883
103881
103885
103888
103887
103889
103895
103892
103893
103899
103894
103898
103901
103902
103900
103903
103904
103905
103906
103907
104289
103912
103911
103915
103928
103913
103914
103916
103917
103927
103918
103923
103919
103920
103921
103922
103924
103925
103929
103931
103932
103937
103936
103935
104115
103940
103941
103958
103942
103948
103949
103945
103947
103952
103951
103946
103950
103953
103955
103956
103954
103960
103959
103957
103961
103963
103964
103968
103967
103966
103965
103969
103970
103972
103974
103973
103971
103975
103976
103977
103984
103978
103980
103979
103981
103982
103983
103985
103987
103986
103990
103989
103988
103991
103992
103997
103993
103994
104100
103995
104002
103999
103996
103998
104005
104012
104011
104001
104020
104004
104021
104023
104028
104041
104039
104038
104045
104040
104042
104044
104046
104053
104051
104054
104056
104059
104058
104061
104060
104062
104088
104063
104066
104067
104370
104069
104070
104071
104073
104216
104076
104086
104077
104075
104219
104079
104078
104081
104080
104082
104084
104083
104085
104087
104090
104089
104252
104091
104092
104093
104094
104095
104098
104111
104099
104096
104097
104103
104102
104104
104101
104107
104112
104293
104108
104109
104110
104113
104118
104114
104121
104616
104124
104119
104120
104126
104123
104122
104129
104131
104132
104135
104136
104150
104138
104141
104137
104139
104186
104145
104143
104146
104149
104153
104154
104160
104165
104166
104209
104174
104168
104169
104170
104167
104182
104171
104172
104173
104176
104175
104189
104177
104184
104181
104185
104183
104179
104188
104180
104187
104202
104194
104193
104208
104199
104196
104192
104201
104204
104200
104195
104313
104206
104215
104205
104211
104210
104213
104429
104212
104217
104222
104221
104220
104224
104223
104227
104226
104295
104230
104228
104229
104231
104237
104233
104234
104244
104236
104253
104249
104248
104255
104250
104254
104261
104257
104258
104260
104259
104432
104265
104262
104266
104263
104264
104270
104269
104274
104273
104430
104431
104276
104275
104280
104282
104284
104281
104286
104285
104292
104287
104290
104291
104294
104305
104296
104306
104304
104309
104308
104314
104312
104316
104315
104536
104318
104317
104319
104322
104321
104325
104776
104320
104324
104326
104327
104328
104332
104330
104331
104333
104334
104335
104337
104336
104338
104339
104343
104340
104346
104344
104341
104345
104348
104350
104352
104347
104349
104351
104358
104356
104353
104354
104355
104357
104363
104359
104361
104362
104364
104365
104366
104368
104369
104371
104374
104372
104373
104377
104378
104380
104379
104381
104382
104385
104384
104388
104387
104386
104389
104405
104440
104392
104393
104397
104396
104395
104398
104403
104400
104401
104404
104406
104408
104410
104411
104412
104413
104414
104415
104416
104417
104421
104420
104426
104418
104419
104423
104427
104434
104428
104424
104437
104602
104433
104436
104438
104439
104441
104443
104445
104601
104447
104446
104449
104448
104453
104452
104451
104455
104454
104458
104456
104460
104461
104459
104463
104464
104462
104465
104466
104467
104468
104470
104469
104474
104472
104471
104476
104475
104478
104477
104482
104481
104480
104485
104486
104487
104484
104488
104490
104493
104491
104492
104494
104495
104497
104498
104500
104499
104501
104502
104507
104503
104508
104505
104504
104506
104509
104566
104510
104511
104512
104514
104513
104518
104515
104517
104516
104519
104521
104520
104522
104523
104965
104608
104526
104524
104529
104527
104530
104532
104531
104535
104534
104537
104540
104538
104539
104541
104547
104545
104542
104544
104543
104548
104549
104550
104551
104552
104554
104553
104556
104557
104560
104555
104559
104558
104562
104561
104570
104567
104565
104571
104568
104569
104572
104573
104574
104575
104579
104578
104576
104577
104583
104581
104582
104584
104580
104585
104619
104586
104587
104592
104590
104588
104591
104589
104593
104594
104596
104595
104598
104599
104600
104597
104604
104603
104605
104607
104606
104609
104620
104615
104610
104613
104611
104612
104618
104614
104617
104621
104624
104627
104628
104629
104631
104630
104632
104633
104636
104635
104634
104637
104638
104644
104641
104639
104640
104645
104642
104643
104826
104646
104647
104648
104650
104649
104651
104652
104654
104656
104655
104660
104658
104657
104663
104659
104664
104677
104665
104668
104666
104671
104669
104670
104674
104672
104679
104673
104682
104678
104680
104683
104938
104686
104684
104687
104685
104689
104690
104695
104694
104692
104693
104698
104696
104699
104702
104703
104704
104705
104706
104708
104707
104709
104710
104711
104712
104716
104715
104714
104713
104720
104717
104719
104722
104723
104721
104725
104724
104728
104727
104739
104730
104729
104731
104733
104734
104735
104732
104736
104740
104745
104742
104744
104743
104746
104750
104780
104749
104738
104747
104748
104752
104751
104753
104754
104758
104755
104756
104759
104760
104761
104762
104763
104764
104765
104768
104766
104767
104769
104772
104771
104770
104773
104775
104774
104777
104778
104779
104782
104786
104783
104784
104785
104795
104789
104787
104788
104790
104797
104791
104792
104794
104796
104798
104793
104799
104800
104802
104801
104804
104806
104810
104803
104808
104805
104807
104809
104811
104813
104819
104812
104814
104815
104817
104816
104821
104823
104820
104822
104824
104825
104828
104830
104829
104827
104831
104832
104834
104833
104835
104837
104839
104836
104838
104840
104845
104842
104841
104843
104851
104846
104850
104848
104849
104847
104854
104852
104853
104859
104855
104860
104857
104865
104861
104858
104864
104862
104863
104866
104867
104869
104870
104872
104871
104873
104874
104876
104875
104877
104878
104879
104880
104881
104882
104883
104920
104884
104886
104885
104887
104888
104889
104890
104891
104892
104893
104894
104895
104896
104897
104898
104902
104905
104901
104899
104900
104904
104906
104911
104907
104909
104912
104908
104915
104913
104914
104916
104918
104917
104921
104961
104922
104924
104923
104925
104926
104927
104928
104930
104929
104960
104932
104935
104931
104933
104936
104934
104937
104939
104975
104940
104942
104944
104945
104941
104952
104986
104946
104947
104953
104948
104949
104950
104957
104951
104955
104954
104958
104959
104956
104964
104962
104963
104966
104967
104968
104969
104970
104972
104971
104973
104974
104978
104979
104976
104981
104980
104983
104984
104988
104989
104987
104995
104993
104992
104990
104991
104994
104997
104998
105000
104999
105001
105002
105003
105004
105005
105006
105007
105008
105009
105011
105010
105014
105013
105012
105015
105016
105019
105017
105021
105023
105020
105018
105022
105024
105030
105026
105025
105027
105028
105029
105031
105033
105034
105032
105035
105036
105039
105038
105040
105041
105042
105043
105044
105045
105046
105047
105051
105048
105049
105050
105052
105054
105053
105058
105057
105056
105055
105059
105067
105060
105063
105064
105061
105062
105065
105110
105066
105068
105072
105070
105069
105071
105073
105074
105075
105079
105081
105080
105076
105078
105084
105077
105082
105126
105083
105085
105151
105086
105087
105090
105091
105089
105088
105092
105148
105093
105094
105095
105096
105098
105097
105099
105100
105101
105104
105103
105102
105105
105106
105107
105108
105109
105111
105113
105116
105112
105115
105114
105117
105121
105120
105119
105122
105124
105123
105118
105127
105125
105128
105129
105132
105131
105133
105130
105134
105138
105137
105136
105135
105140
105152
105141
105139
105145
105142
105143
105146
105153
105144
105154
105147
105149
105150
105155
105157
105156
105158
105160
105159
105162
105163
105161
105164
105165
105172
105168
105166
105167
105170
105169
105171
105173
105174
105175
105176
105178
105177
105179
105180
105181
105182
105228
105184
105183
105185
105186
105189
105188
105187
105213
105192
105190
105191
105229
105195
105193
105208
105196
105194
105198
105197
105199
105200
105201
105202
105203
105204
105230
105206
105205
105221
105207
105209
105212
105210
105211
105214
105231
105215
105218
105232
105239
105216
105237
105217
105234
105233
105220
105223
105219
105235
105225
105222
105224
105226
105227
105238
105236
105240
105241
105242
105243
105244
105245
105322
105246
105247
105248
105249
105260
105250
105251
105252
105254
105253
105295
105255
105258
105257
105256
105259
105261
105266
105262
105263
105324
105264
105265
105267
105268
105269
105270
105272
105274
105273
105271
105296
105275
105276
105277
105278
105279
105280
105281
105323
105282
105299
105285
105284
105283
105286
105325
105326
105287
105288
105289
105327
105297
105292
105290
105291
105293
105294
105298
105301
105300
105317
105318
105302
105303
105304
105306
105310
105308
105305
105309
105321
105315
105319
105307
105316
105313
105331
105312
105311
105314
105328
105330
105329
105332
105333
105334
